2.662868388511722140e-01
2.070135245246401134e-01
2.563741747793007453e-01
3.151638943850144092e-01
3.247587510383931897e-01
3.614184534781874625e-01
2.254901484611575302e-01
3.009849571760884746e-01
3.533578983745446767e-01
4.029457092480406288e-01
3.684096893867130906e-01
2.799142496330583874e-01
3.010005430041742813e-01
3.610222593367625188e-01
3.553389153340475448e-01
3.457271309920821878e-01
3.530449993660398356e-01
2.902048410211078844e-01
2.852488055094651309e-01
3.830660716601299032e-01
3.669606408623680149e-01
2.843412794349959860e-01
2.915493468230882512e-01
3.830693822029713203e-01
3.295263841328286980e-01
3.115954822348233066e-01
2.282560796293214844e-01
2.915087380381473081e-01
2.215375350390414722e-01
2.099845283618414493e-01
1.675520627458738365e-01
4.035078675690189631e-01
3.423940555670461072e-01
3.657185731277891039e-01
4.627282504898454496e-01
4.668729462668453345e-01
2.578460903889859823e-01
2.871837742963946338e-01
2.756902509578890714e-01
2.257462605823721824e-01
3.520439831364334249e-01
2.750348796259594053e-01
2.154338247428350117e-01
2.288896325362600737e-01
2.834606576193131611e-01
2.634286656161569096e-01
2.431796100772766478e-01
3.083093310754424499e-01
3.035693282878288435e-01
3.222550820941796901e-01
2.557002227025735319e-01
2.552367936514080560e-01
2.039897422161521812e-01
2.312723042402929918e-01
2.259993286476898178e-01
3.357889075981801419e-01
2.115805845606274771e-01
2.072689984924230844e-01
1.697672054372613704e-01
2.701486811290951251e-01
3.548626453050568452e-01
2.659268057055073076e-01
2.713080355542923372e-01
2.555758184981282710e-01
2.335317875313288050e-01
2.867890664326619432e-01
3.037134025147214533e-01
3.172227420591923197e-01
2.927168503056566395e-01
2.338693869719954965e-01
2.190395255143107178e-01
1.826133483173577321e-01
4.032087722660531726e-01
3.549948815478141118e-01
4.019708745277634776e-01
5.483325946009269813e-01
4.074853857823512726e-01
3.764160258457678321e-01
4.204429230783977567e-01
3.141310307221328868e-01
4.465149526869702234e-01
4.063512944552454265e-01
4.084215568674838814e-01
3.815093107621289614e-01
4.288658661317664156e-01
5.194334054703634296e-01
4.894226750044582963e-01
3.757092739992246577e-01
4.070757917889648581e-01
4.292114853333435787e-01
5.158771078541155575e-01
4.035684660209535868e-01
4.650406909962090940e-01
5.099889219864615075e-01
3.998245136035498137e-01
3.665533000051927059e-01
3.618978509808667976e-01
4.100524220252997898e-01
4.736335247966430018e-01
3.594042588737169086e-01
4.673130867783267806e-01
4.573003326667282598e-01
4.233251999805087706e-01
3.970794563527733079e-01
4.350110165022021969e-01
5.038428401494382536e-01
3.543872677109707325e-01
3.692740706900057845e-01
3.443221038535909106e-01
2.959544150665446294e-01
3.372527613068329044e-01
2.927341776659866945e-01
2.650129028345137860e-01
2.729912160089638107e-01
3.088279209061471908e-01
4.192221274534829734e-01
2.844100820673143293e-01
3.067046446806560578e-01
2.688978371249414190e-01
2.497163492782112082e-01
2.835506189739481764e-01
2.767501162047610319e-01
2.082316304545731578e-01
3.063707061650439156e-01
2.568623651108869477e-01
3.480945608653805423e-01
2.531049845659545938e-01
3.403145692389799581e-01
2.382991113232192926e-01
2.629625342925812070e-01
3.647603152436564300e-01
3.241432969207760917e-01
3.139681591466979560e-01
3.084032270438759604e-01
2.912283599925292732e-01
2.903496174792936646e-01
2.429266692942553818e-01
2.689560326271728807e-01
1.831425699519726169e-01
2.364453361593115421e-01
3.561624799683493214e-01
3.214616187044792572e-01
2.632217431795562668e-01
2.735275645667235023e-01
2.810600044582808321e-01
2.593444160138904664e-01
1.689438390872973206e-01
2.387083463880296519e-01
2.991300513261178073e-01
3.124489880784614981e-01
3.210639778491724550e-01
4.464963453501506474e-01
2.831823284060188683e-01
3.697183752694257475e-01
4.478995602640900020e-01
5.732939608344947979e-01
4.735870526531818503e-01
5.264806615919729316e-01
5.952863870198470408e-01
4.484849413802372564e-01
4.735013420253314509e-01
3.911408113042856849e-01
4.052023163252131410e-01
3.402444603182466221e-01
3.951560701472948134e-01
4.670521676537268130e-01
3.921422078195010430e-01
4.158660820710340933e-01
5.238453586525180228e-01
3.724034209044836952e-01
3.780837620734297522e-01
3.607148788101303127e-01
2.986817978079909786e-01
3.070258657877669162e-01
3.257407249926349557e-01
3.085780762808756905e-01
3.577527794941689487e-01
2.481464026188974770e-01
2.930646105626194542e-01
3.469175039364659763e-01
4.165049999215973409e-01
3.941314622834162784e-01
3.794587089709051120e-01
4.963307345564067496e-01
6.034526198986307488e-01
4.626124796827267849e-01
4.256939651798272717e-01
4.804198577091473576e-01
4.993572153831649096e-01
6.199573315774380422e-01
5.708886210209876966e-01
6.377871618587070968e-01
5.520966362918237058e-01
6.369811128916982312e-01
6.955141033044729415e-01
5.800474549028424853e-01
6.055055377191815857e-01
5.006503339997595559e-01
5.044060242237443648e-01
5.363247763800872425e-01
5.592987464674354925e-01
5.139537724947184083e-01
4.257300044426987617e-01
5.439867871712390501e-01
5.856597237770888587e-01
6.671641749396809429e-01
4.648689701460131940e-01
5.074491975449474390e-01
4.844703879807152891e-01
6.421947798433292887e-01
6.739427399374223748e-01
6.157403049224396963e-01
5.804691975868524478e-01
5.333836673553129515e-01
5.438261168496466569e-01
4.769253362173384025e-01
5.412609658394704759e-01
5.622050456240637040e-01
5.495501789646597413e-01
5.766109744678208360e-01
5.540285610853953324e-01
4.192218093054099204e-01
3.590774922329955654e-01
3.754644043095508033e-01
3.684873867440563444e-01
4.382222251354728759e-01
3.447710166033687296e-01
2.376483969790525730e-01
2.864002064999739416e-01
2.347644197302030111e-01
2.877300616180546444e-01
1.678063995894665539e-01
1.756790123756938882e-01
3.196922217889616169e-01
2.148949094460515241e-01
2.723809062721121999e-01
1.881235459973448210e-01
3.023646756281531678e-01
1.993684865320308752e-01
1.741581468592033888e-01
2.928084818954739266e-01
2.641888627271514745e-01
2.228536802795394178e-01
3.941738396563835289e-01
3.702627241156490334e-01
4.288279887170521887e-01
3.267017998811632129e-01
4.191164309400658983e-01
3.633000501484517364e-01
4.620669651642564379e-01
4.656664410270862087e-01
3.737046205732948434e-01
4.401316660885561394e-01
4.473063576710070710e-01
4.177490207762556973e-01
4.901483649075296101e-01
4.842735049679707249e-01
4.468119463727271423e-01
4.554261809976957731e-01
4.883635781045579938e-01
4.477744289268454358e-01
4.786743801826194300e-01
4.286705359251326564e-01
3.835283704719266717e-01
4.554985082437731925e-01
4.935491293077131081e-01
4.563244674103598686e-01
4.859092452211538071e-01
4.472815331102847347e-01
5.186124293583086464e-01
5.492199924727638738e-01
5.044232304232388886e-01
4.619665102969567338e-01
4.703719168914717308e-01
5.434596123348512942e-01
5.283096616887592578e-01
5.408026772487645184e-01
4.410636753596484105e-01
4.831998548911980995e-01
4.631744318660614979e-01
5.965458894549666713e-01
5.198757431719476241e-01
5.102602495468068211e-01
5.741518313529651030e-01
4.995962631124230002e-01
5.789523649551457929e-01
5.310783984956793935e-01
4.846862717059129411e-01
6.158268588547907152e-01
5.161681942936348078e-01
5.064622318345544105e-01
5.717092938321757245e-01
5.937440379388867484e-01
5.746456063169422812e-01
5.956557071566659367e-01
6.212140768647712585e-01
5.836641071750471310e-01
5.901334706508779560e-01
5.780086626851370646e-01
5.656835441493229810e-01
6.418471219401938876e-01
6.589051527890232851e-01
5.852044894425860733e-01
6.524951849785539659e-01
6.106365046308241951e-01
5.447274869522754637e-01
5.599729489384361880e-01
5.982431394205848241e-01
5.769854993373435548e-01
5.758746244715248208e-01
6.709996082937653705e-01
6.103591431409778334e-01
6.774714345031040974e-01
5.489459686944360151e-01
7.036898124442475533e-01
6.352426384142656479e-01
7.168587361840313976e-01
5.791122009097230405e-01
6.939638299972230584e-01
6.933194450363534544e-01
7.138814956050857363e-01
7.585033346319379755e-01
6.700387712830204734e-01
6.611262881084940535e-01
6.844096625193291095e-01
7.143409081805612848e-01
7.299963665150254188e-01
6.867229726663149902e-01
6.328835772373770929e-01
7.765365481158861272e-01
7.253736709879490263e-01
8.128386589300079512e-01
7.226005245970403834e-01
7.396546670558024061e-01
8.171793587389744040e-01
7.716360317766652877e-01
6.957948579019106461e-01
7.635935362691952388e-01
7.912105791672718880e-01
7.315975420900866499e-01
5.759017659662273303e-01
5.745073767469650594e-01
6.094394361933014315e-01
5.706912919907890513e-01
6.285780799786906403e-01
6.485572092450017090e-01
6.421555283839768258e-01
6.389457133109945897e-01
6.647409180062814338e-01
7.162491191837546678e-01
7.764128394658119658e-01
6.702255878425783520e-01
6.976268022790595991e-01
6.609718681309695310e-01
6.021319949158705498e-01
6.119450056967233875e-01
6.490760658843770514e-01
5.805063189916600530e-01
7.575762653263370394e-01
6.950701562622562113e-01
6.392512135703558585e-01
8.252626979137831498e-01
6.837542957748959926e-01
7.682097767907611896e-01
6.410571648972069880e-01
8.337041677493397529e-01
9.109814015088977257e-01
8.149753804510938560e-01
8.828467410722474762e-01
8.975210963347121096e-01
8.405257734789737256e-01
9.057197555483997853e-01
8.144810448865890118e-01
9.057113924130849592e-01
9.187699656070270615e-01
8.336088910378790517e-01
7.989773930304325811e-01
8.357531428832515319e-01
9.627580769972087227e-01
9.356967029503848732e-01
9.206937832351453910e-01
9.479788057223642594e-01
9.458804303227734689e-01
7.942033702228551428e-01
9.427600679202818856e-01
7.300232239525864530e-01
8.498462406005824477e-01
9.713058262084000027e-01
7.373823692079395364e-01
8.198574413213901568e-01
9.059793537460093527e-01
8.496971333245121327e-01
9.720817266438773752e-01
8.031252504689996297e-01
9.901184089086787488e-01
9.117758448970527674e-01
8.498439473128455157e-01
9.140411910383051675e-01
8.381207969531717650e-01
8.555967127966832564e-01
9.334961688636413957e-01
8.648363229305067179e-01
9.112186777729451848e-01
9.794738697152884921e-01
9.205202935666771946e-01
9.597472822577916007e-01
9.110965143147156109e-01
9.310865381622126513e-01
8.760268883219052283e-01
7.771007409502398433e-01
7.778063458554999032e-01
8.493493850918416577e-01
7.861381965939147065e-01
8.004911266903274036e-01
9.202206317409686864e-01
9.458903647728648112e-01
9.597666753058781142e-01
9.434273613776436029e-01
9.025256998859457758e-01
9.378162880617886277e-01
8.511526121481145513e-01
7.069573132614813682e-01
9.039047557737008853e-01
9.841866694249914449e-01
8.762556587542302822e-01
7.615198141377654828e-01
7.407759990435485165e-01
9.822244067746910279e-01
9.355030514747816328e-01
8.957943963974744905e-01
8.064069628865812023e-01
8.715042270942039426e-01
8.095845391561545812e-01
9.368787364820670982e-01
9.703372361883790820e-01
7.576508746100121261e-01
9.703534123284724977e-01
9.262645392777921760e-01
9.458129488202458024e-01
9.070327573532726007e-01
7.482670204188499596e-01
9.137878307224061025e-01
7.901992383517146834e-01
8.665861999158678275e-01
8.288107952114511789e-01
7.830793976976145876e-01
9.291828094255653037e-01
8.576912736180489771e-01
7.629638447220270514e-01
7.595169637361245396e-01
9.237881268593022277e-01
8.743548882691964952e-01
9.312454909156178129e-01
8.592110978813474187e-01
7.144455005827123895e-01
8.534918036413905451e-01
8.022919114858300116e-01
7.255978235066992132e-01
9.352691673466402289e-01
9.348106198687751167e-01
9.477335621844535929e-01
9.755868223363945990e-01
8.018167005092661226e-01
7.302974146543427247e-01
9.175169835559185971e-01
8.986475246560776675e-01
7.059652063355493778e-01
8.686601062700249898e-01
9.376609185838429283e-01
8.358242082077350643e-01
7.989230012704058304e-01
9.335495724082306657e-01
8.192967445898617918e-01
8.683214335653919314e-01
8.832862066686387736e-01
9.171126362850887670e-01
8.980578854002988498e-01
7.696380936044699972e-01
9.285144967741885136e-01
9.655250189950467243e-01
7.305735347851304295e-01
8.489487219182652034e-01
7.948450079811653080e-01
9.392863025775368691e-01
7.172095471127493127e-01
9.407002968639421869e-01
9.297042980568815951e-01
9.139741786704205229e-01
7.841121802215542669e-01
9.111650423317247949e-01
7.059712629656029748e-01
9.232566599689079334e-01
8.045069444468301301e-01
7.681215268551861985e-01
9.218115532097506115e-01
8.675961929561378794e-01
9.941897326023819703e-01
8.252871799873313652e-01
9.541950593383391466e-01
7.284995604121013990e-01
8.593745825383504178e-01
9.370647154088384001e-01
8.073982901859463324e-01
8.438192142006339935e-01
7.874456814591117571e-01
7.725134436077449873e-01
7.656353510271755036e-01
9.028677930158462983e-01
9.165912760068571918e-01
8.838998186377681199e-01
9.831206090443121992e-01
9.509023126530088410e-01
7.699770231960015865e-01
9.933972003437191445e-01
8.871944039386270298e-01
9.648022048803931439e-01
8.970384131305667585e-01
7.032667337260182228e-01
9.026538268029453693e-01
9.215151562001638874e-01
9.645136341668304469e-01
9.409026953392924941e-01
8.598467237700480048e-01
8.860084530144445303e-01
8.585950331495462162e-01
7.984175920317372332e-01
9.448254391561075050e-01
9.486495730718779162e-01
9.587949444444120450e-01
8.435240176785134825e-01
8.019598879509848288e-01
9.366323234001522335e-01
9.630625409043364060e-01
9.105040179299326297e-01
7.760972401227658191e-01
9.022776586733711746e-01
9.162997728187403101e-01
9.772799814596607737e-01
8.618596613223440395e-01
9.423620340066961587e-01
9.494072959084556285e-01
9.711616311669344359e-01
9.418403902012797424e-01
8.563202975923247529e-01
9.833637063498431585e-01
8.746913502158318865e-01
7.734801070068713091e-01
9.302562815513305550e-01
9.561045202426452505e-01
8.914287808774082889e-01
9.467560023243020151e-01
8.507594380542340406e-01
9.649122572109356533e-01
9.219720436224307925e-01
8.831215585964958814e-01
8.550131216175850257e-01
8.369225532083052199e-01
8.812903255588989682e-01
8.215732739447717536e-01
8.208065820344130348e-01
9.191259986031738993e-01
8.649132309616468506e-01
8.421039765052561465e-01
7.435452104617680247e-01
7.641442854712658939e-01
8.354567048051873002e-01
7.247804743392888271e-01
8.366674185879818815e-01
7.993227159150373407e-01
8.882192579501742014e-01
9.860588729054156065e-01
7.776602086660524549e-01
7.649271831182873349e-01
7.906000333778547828e-01
7.095837534024208582e-01
8.049892598414898348e-01
8.190062068117386351e-01
7.343404878341035502e-01
6.635298812683079195e-01
8.576757697897475774e-01
7.434190647486457193e-01
8.268757255190716249e-01
8.337023534227737676e-01
7.810042950355547964e-01
7.983884396124860672e-01
7.340712395164371573e-01
7.814063015921136612e-01
7.786890720959049883e-01
8.078067978571477070e-01
7.686298852632240663e-01
7.042453793452745359e-01
6.915533495995543900e-01
7.212256515427271086e-01
6.276055411603010947e-01
7.564069359962140027e-01
7.874401028573702055e-01
7.051871564121933167e-01
7.186008854910688193e-01
7.320424296617036308e-01
7.452445363807481682e-01
7.754811878524885405e-01
7.103607271324099415e-01
6.565265945277419801e-01
6.863958612089221534e-01
7.483215911797653774e-01
6.409670709195817162e-01
7.282848997071935671e-01
6.613139324161920740e-01
6.301118647554447838e-01
6.758333713655764186e-01
5.919191867569542076e-01
6.697845866571846551e-01
6.333320825315330582e-01
6.387364388701773921e-01
6.160853261418161031e-01
6.588909282886730168e-01
5.967588451400760441e-01
6.302159328273528871e-01
5.923899966183283627e-01
5.194101855137545076e-01
7.304168436061774239e-01
5.998939672206717866e-01
5.532724097819259335e-01
6.243516581093840889e-01
5.905308231575037148e-01
6.151647660259750294e-01
5.416978490912693900e-01
6.370217425062123517e-01
5.109238674292245763e-01
5.831724651040723906e-01
5.686000427230988308e-01
5.636682893206002021e-01
5.457285689955521102e-01
5.052171082415033432e-01
5.377923908919386431e-01
6.564769178592286814e-01
5.483644279376165276e-01
5.250703660242328485e-01
5.221544499127350747e-01
4.669060767111234966e-01
7.098535164498220862e-01
5.427381727220030871e-01
4.321353404665768116e-01
4.754034699468553948e-01
5.382614759268077309e-01
4.898719713906907192e-01
5.661178575249983247e-01
5.678091940304181851e-01
5.360971348893939226e-01
5.456964770558422329e-01
4.273116340823499004e-01
4.704230165955285425e-01
4.796567247867547512e-01
4.723439314609256257e-01
4.899999312446653432e-01
4.878917538267017462e-01
5.536610514568691688e-01
5.174378201336072847e-01
4.602151901241766097e-01
4.254515210743243236e-01
4.862556726224324111e-01
4.954259141713601711e-01
4.705664129409689034e-01
4.478425541702472090e-01
4.417727660574187754e-01
4.703058324786520417e-01
4.587133093315824972e-01
3.401341573052631961e-01
3.896245705771735901e-01
4.851031118164145783e-01
4.437015327468983861e-01
5.072887935796801528e-01
5.046454434855984772e-01
4.229980890269056659e-01
3.364166471853116125e-01
4.596806785793512984e-01
3.737528150493765744e-01
5.055293337732910119e-01
4.587104336324614451e-01
4.995295910312440579e-01
6.283958162649084800e-01
5.739095063786613382e-01
6.010096247354245191e-01
4.930021672400963229e-01
5.052134770874030512e-01
5.130429653762106357e-01
5.318211015205372982e-01
5.963647975198093087e-01
5.164544512955951960e-01
4.723333287225192634e-01
6.010976050756399180e-01
6.363896795569079501e-01
4.871079485633817430e-01
6.016705802748048004e-01
5.396351104623358097e-01
5.504481358518398260e-01
6.533579976044561199e-01
5.135923438473066760e-01
5.161266751082740356e-01
5.024005299400284841e-01
4.440514364673577852e-01
4.230460253239903268e-01
4.110934044798145170e-01
4.313859196402997087e-01
5.542500952575053486e-01
5.926969229823509933e-01
4.780296216734007952e-01
4.238815342203669512e-01
4.928099526268353014e-01
3.506945773462896154e-01
4.451812028340121907e-01
3.552764792961193296e-01
4.834230450390908929e-01
5.089225247809396890e-01
4.050389998162433058e-01
5.754022475905913314e-01
3.795347899011837223e-01
5.583585817567933152e-01
4.270409188773632847e-01
5.755430061134867437e-01
6.440887703636966055e-01
5.529408834468623191e-01
5.161801114533269841e-01
5.151831773690986882e-01
5.235716273302877255e-01
5.528629422893158729e-01
5.145898392218608564e-01
4.708318890809422563e-01
4.774618208903352312e-01
4.426821970685926866e-01
5.592713135609800323e-01
4.108500289403904104e-01
3.788814539059578990e-01
3.821014139096944318e-01
3.837367145200832885e-01
4.419619482881699812e-01
3.415526814493097807e-01
4.871318694699794394e-01
3.971023967825075829e-01
5.255163072356299203e-01
4.387104572809497616e-01
3.611145615435641942e-01
4.158038180184970289e-01
4.160707358020637736e-01
4.890759736162422766e-01
4.256902968311671032e-01
3.623092159243925803e-01
4.177997438041052281e-01
4.408364597400665774e-01
3.598359147148533221e-01
